  2.5521854e-001  2.3136276e-001 -1.0000000e+000
  1.4959056e-001 -2.5963097e-001 -1.0000000e+000
  4.5116481e-001  3.8727279e-001 -1.0000000e+000
  2.4235371e-001  1.8173723e-001  1.0000000e+000
 -1.4888028e-001  6.8272841e-002  1.0000000e+000
  7.1628976e-001 -8.9239996e-001 -1.0000000e+000
  2.5652776e-001  2.2778082e-001 -1.0000000e+000
  3.6011490e-001 -7.7998340e-001 -1.0000000e+000
 -1.7508433e-001 -2.0430818e-001  1.0000000e+000
  8.9034451e-001 -3.7793288e-001 -1.0000000e+000
  6.1055026e-001 -8.1814027e-001 -1.0000000e+000
  9.3318272e-001  8.8269664e-002 -1.0000000e+000
  3.2715510e-001 -8.4787741e-001 -1.0000000e+000
 -4.2324012e-001  1.4834609e-001 -1.0000000e+000
  1.8491896e-001 -3.2421957e-001 -1.0000000e+000
  4.0301180e-001  2.9823277e-001 -1.0000000e+000
 -4.9933850e-001 -4.7662308e-001 -1.0000000e+000
  6.0344021e-002  4.8620228e-001 -1.0000000e+000
  3.3507610e-001 -8.9723382e-001 -1.0000000e+000
  2.0869589e-001 -2.5161425e-001 -1.0000000e+000
 -4.6756246e-001  2.2767459e-001 -1.0000000e+000
 -2.3249766e-001 -1.3446676e-001  1.0000000e+000
 -1.5974580e-001 -9.3547481e-002  1.0000000e+000
  1.6741687e-001  3.8944463e-001 -1.0000000e+000
 -1.7459758e-001 -7.3924787e-002  1.0000000e+000
 -2.6022864e-001  2.3544657e-001 -1.0000000e+000
  2.7263654e-001  1.2470264e-001 -1.0000000e+000
  4.7658925e-001  4.2921339e-001 -1.0000000e+000
  6.6010393e-002 -2.6100764e-001 -1.0000000e+000
  4.5504322e-001 -8.3456380e-001 -1.0000000e+000
  3.3803404e-001 -8.4732857e-001 -1.0000000e+000
  2.9043602e-002 -3.5849217e-001 -1.0000000e+000
 -1.7970108e-001 -1.7390923e-001  1.0000000e+000
  2.5638445e-001  1.0240796e-001 -1.0000000e+000
  3.0133868e-001 -7.7108825e-001 -1.0000000e+000
 -2.2916798e-001  9.3879343e-002  1.0000000e+000
  4.4285917e-001 -8.4192708e-002 -1.0000000e+000
  1.3331634e-001 -8.1853797e-001 -1.0000000e+000
  4.8096125e-001 -5.7128367e-002 -1.0000000e+000
  2.8447391e-001  3.3110155e-001 -1.0000000e+000
 -4.2541283e-001 -1.7434856e-002 -1.0000000e+000
 -2.2095285e-001  2.7562687e-001 -1.0000000e+000
 -1.6901422e-001 -3.8675792e-001 -1.0000000e+000
  1.4815375e-001  7.8497288e-002  1.0000000e+000
 -1.5782610e-001  3.1137607e-001 -1.0000000e+000
 -9.2699122e-002 -8.7384633e-002  1.0000000e+000
  3.7330928e-001 -6.5360992e-001 -1.0000000e+000
  3.8544658e-001 -7.2076168e-001 -1.0000000e+000
 -3.8521527e-001 -3.7826055e-001 -1.0000000e+000
  2.8381735e-001  1.4588537e-001 -1.0000000e+000
  9.2361211e-001 -5.9311462e-002 -1.0000000e+000
 -9.7427890e-004 -4.9960456e-001 -1.0000000e+000
  5.8786043e-002  4.3676561e-001 -1.0000000e+000
 -6.6647008e-002 -3.3661924e-001 -1.0000000e+000
 -2.2522922e-002 -1.1266106e-001  1.0000000e+000
  2.5385099e-001 -1.8978040e-001 -1.0000000e+000
  2.6674962e-002  2.9807784e-001 -1.0000000e+000
  4.4449105e-001 -2.5856506e-001 -1.0000000e+000
 -1.4817827e-001  2.8238394e-001 -1.0000000e+000
 -2.0115538e-001 -1.8380011e-001  1.0000000e+000
 -2.9720776e-001  3.5396858e-001 -1.0000000e+000
 -1.6891784e-001 -1.2329952e-001  1.0000000e+000
 -2.9208518e-002  3.5026028e-001 -1.0000000e+000
 -3.8310076e-001  4.2806341e-002 -1.0000000e+000
 -1.9973005e-001 -9.4551772e-002  1.0000000e+000
 -4.3181692e-001  1.8308905e-001 -1.0000000e+000
 -2.2710053e-001 -2.4028605e-001  1.0000000e+000
  9.8059606e-001  1.2553360e-001 -1.0000000e+000
  6.9769412e-001 -3.7571887e-001 -1.0000000e+000
 -3.3766410e-001 -4.3962797e-001 -1.0000000e+000
  1.2631660e-001 -1.1380592e-001  1.0000000e+000
 -4.5715189e-003 -8.8878270e-002  1.0000000e+000
  2.6682237e-002  6.1678999e-002  1.0000000e+000
  3.4522743e-001 -1.4883220e-001 -1.0000000e+000
 -1.1968697e-001  5.5188074e-002  1.0000000e+000
  3.3130867e-002 -2.0781356e-002  1.0000000e+000
  2.8601896e-002 -9.7832595e-001 -1.0000000e+000
 -4.6337248e-001 -1.4629627e-002 -1.0000000e+000
  8.6404088e-002 -5.2748025e-002  1.0000000e+000
  3.1037927e-001 -6.8100888e-001 -1.0000000e+000
  1.2293247e-002  3.9019570e-002  1.0000000e+000
  4.8992708e-001 -6.7842187e-002 -1.0000000e+000
  4.2459390e-002 -6.7868580e-002  1.0000000e+000
 -1.0986760e-001 -5.7510936e-002  1.0000000e+000
  2.3782855e-001 -2.6015514e-001 -1.0000000e+000
 -4.4130698e-001 -5.2945944e-002 -1.0000000e+000
  5.0264652e-001 -8.5893217e-001 -1.0000000e+000
 -4.4075127e-001 -2.1801423e-001 -1.0000000e+000
  1.5805583e-001  2.3667580e-001  1.0000000e+000
 -9.0195438e-002 -8.3544932e-002  1.0000000e+000
 -1.1687986e-001  2.8749359e-001 -1.0000000e+000
 -1.3167294e-001 -2.2546251e-001  1.0000000e+000
  2.8378076e-001 -7.7550042e-001 -1.0000000e+000
  2.3721512e-002  1.1101383e-001  1.0000000e+000
 -1.9440427e-001  2.9050799e-001 -1.0000000e+000
  3.9905985e-001 -2.6169453e-001 -1.0000000e+000
 -1.3259658e-001 -9.7158447e-002  1.0000000e+000
  4.5441907e-002 -1.8034241e-001  1.0000000e+000
  3.5662258e-001 -5.4626889e-001 -1.0000000e+000
  2.2066837e-001 -1.4150164e-001  1.0000000e+000
  3.9195260e-001 -6.2604684e-001 -1.0000000e+000
  4.2199970e-001  2.1677598e-001 -1.0000000e+000
 -2.4518969e-001 -2.0150184e-001  1.0000000e+000
  4.4444885e-002 -9.4844579e-001 -1.0000000e+000
  2.4703739e-001 -1.1051890e-001  1.0000000e+000
 -7.0307619e-002  3.0467731e-003  1.0000000e+000
  1.3756955e-001  4.4626234e-001 -1.0000000e+000
  8.5542690e-001 -4.4389934e-001 -1.0000000e+000
  2.6735525e-001 -9.1219882e-001 -1.0000000e+000
 -2.9078028e-002  9.2731027e-002  1.0000000e+000
  8.4472354e-001 -4.9817212e-001 -1.0000000e+000
  2.1946396e-001  1.2527330e-001  1.0000000e+000
 -4.5314192e-001  2.4086874e-001 -1.0000000e+000
 -4.5266897e-003 -3.2873221e-001 -1.0000000e+000
 -1.2939288e-001 -2.1149594e-001  1.0000000e+000
  1.7436352e-001 -1.8841060e-003  1.0000000e+000
  2.1786241e-002 -9.9085225e-001 -1.0000000e+000
 -4.7328968e-002  2.1770512e-001  1.0000000e+000
  6.4046768e-001 -7.9302026e-001 -1.0000000e+000
  3.2310398e-001 -4.9137033e-001 -1.0000000e+000
  9.5805581e-002 -8.7898058e-001 -1.0000000e+000
 -2.2204548e-001 -2.1296595e-001  1.0000000e+000
 -1.9341779e-001 -1.6093289e-001  1.0000000e+000
  1.5586079e-001 -3.5816803e-001 -1.0000000e+000
 -4.4404213e-001 -4.6424804e-001 -1.0000000e+000
  4.3744284e-003  2.8940870e-001 -1.0000000e+000
 -3.3690612e-001 -4.0665559e-002 -1.0000000e+000
 -1.7902029e-001 -2.3366166e-001  1.0000000e+000
  5.3592941e-001 -5.1831735e-001 -1.0000000e+000
 -1.4311017e-001 -1.9706024e-001  1.0000000e+000
  8.4775673e-001 -7.6849768e-001 -1.0000000e+000
  1.9905195e-001 -8.3510743e-001 -1.0000000e+000
 -2.1032190e-001  4.5420219e-001 -1.0000000e+000
  1.5104557e-002 -2.4461729e-001  1.0000000e+000
  5.2737626e-001 -8.3510935e-001 -1.0000000e+000
 -4.4889501e-001 -4.6082970e-002 -1.0000000e+000
 -2.0977440e-001 -2.1605139e-002  1.0000000e+000
 -2.7420923e-001 -2.1932621e-001 -1.0000000e+000
 -3.2009039e-001 -3.4676528e-001 -1.0000000e+000
 -4.1824350e-001  4.2075492e-001 -1.0000000e+000
 -1.4521866e-001 -2.0706720e-001  1.0000000e+000
 -2.2273938e-001 -2.4337893e-001  1.0000000e+000
  8.0880754e-001 -6.8464072e-001 -1.0000000e+000
  3.4039566e-001  3.3142293e-001 -1.0000000e+000
  5.0408578e-001 -3.8853480e-001 -1.0000000e+000
  8.2784471e-001 -1.5644778e-001 -1.0000000e+000
 -2.8921530e-001  2.1319225e-001 -1.0000000e+000
 -1.4074389e-001  1.2146126e-001  1.0000000e+000
 -2.8981630e-001 -7.0954500e-002 -1.0000000e+000
  6.8122019e-001 -8.4910555e-001 -1.0000000e+000
  1.1066645e-001 -2.7736467e-003  1.0000000e+000
  1.5060005e-001  4.2768150e-001 -1.0000000e+000
 -2.1712322e-001  9.0854096e-002  1.0000000e+000
 -1.6310110e-001 -5.2458313e-002  1.0000000e+000
 -4.7403211e-001 -3.9541685e-001 -1.0000000e+000
  1.4757467e-001 -9.2507795e-001 -1.0000000e+000
  1.8827662e-001 -9.5476585e-001 -1.0000000e+000
 -1.0367764e-001 -4.9868608e-001 -1.0000000e+000
 -1.6690961e-001 -2.3072252e-001  1.0000000e+000
 -4.2756217e-001 -4.2514739e-001 -1.0000000e+000
 -4.9213292e-002 -7.7925656e-002  1.0000000e+000
 -3.6180063e-001  2.2132231e-002 -1.0000000e+000
 -3.6859825e-001  1.1073283e-001 -1.0000000e+000
 -3.5028068e-002  1.8812412e-001  1.0000000e+000
  6.1377105e-001 -9.6267307e-001 -1.0000000e+000
  1.1044015e-001  1.9335661e-001  1.0000000e+000
 -3.5296331e-001 -8.0170136e-002 -1.0000000e+000
  5.1837037e-001 -6.6929172e-001 -1.0000000e+000
  1.3035891e-001 -9.0811619e-001 -1.0000000e+000
  2.4877244e-001 -2.6621920e-001 -1.0000000e+000
 -2.9075316e-001  2.0211887e-001 -1.0000000e+000
  5.5446704e-001 -4.4397468e-001 -1.0000000e+000
 -1.9218770e-001 -1.8803462e-001  1.0000000e+000
  1.7621461e-001 -3.2373981e-001 -1.0000000e+000
  2.0696805e-001 -4.8788332e-001 -1.0000000e+000
  4.0733118e-001  2.9775125e-001 -1.0000000e+000
 -1.8258182e-001 -2.0543171e-002  1.0000000e+000
 -2.4581787e-001  2.5153285e-001 -1.0000000e+000
  6.4459545e-001 -3.6419254e-001 -1.0000000e+000
 -4.1698429e-001  5.3850462e-002 -1.0000000e+000
 -3.2121899e-001  3.9585939e-001 -1.0000000e+000
  9.3395640e-001 -2.3570816e-002 -1.0000000e+000
  1.0320796e-001 -9.5634684e-001 -1.0000000e+000
  7.4324822e-002  2.0392053e-001  1.0000000e+000
 -2.1611334e-001  1.4767851e-001  1.0000000e+000
 -8.7586981e-002 -2.3278696e-001  1.0000000e+000
  3.8146597e-001  3.8984183e-001 -1.0000000e+000
 -2.0602882e-001  1.1484511e-001  1.0000000e+000
  4.9250821e-001 -4.0950274e-001 -1.0000000e+000
 -1.5736007e-001 -1.4783061e-001  1.0000000e+000
 -7.2223794e-003  4.9713855e-001 -1.0000000e+000
  4.9151603e-001 -2.1645655e-001 -1.0000000e+000
  7.7209363e-001 -2.8979152e-001 -1.0000000e+000
  3.3372775e-001  4.5196760e-001 -1.0000000e+000
 -1.1890591e-001 -4.1807838e-001 -1.0000000e+000
  7.6523043e-001 -5.2607463e-001 -1.0000000e+000
  4.1435758e-002  4.7730114e-001 -1.0000000e+000
  2.9924363e-001  7.1588968e-002 -1.0000000e+000
  3.5688907e-001 -7.4440076e-001 -1.0000000e+000
 -4.4799880e-001  3.0962035e-001 -1.0000000e+000
 -2.3190299e-001 -2.4935037e-001  1.0000000e+000
  1.1558693e-001 -3.8131643e-001 -1.0000000e+000
  2.7583060e-002  1.7746886e-002  1.0000000e+000
 -5.7271503e-003 -7.1839613e-002  1.0000000e+000
  2.6401767e-001 -3.4288614e-002 -1.0000000e+000
  1.6125894e-002 -1.4591553e-001  1.0000000e+000
  4.4186872e-001 -6.9792652e-002 -1.0000000e+000
 -1.9128080e-001  3.1787772e-001 -1.0000000e+000
  8.6543020e-002 -9.6339267e-001 -1.0000000e+000
 -3.3302703e-001  4.6972195e-001 -1.0000000e+000
  3.1655103e-001 -2.2939602e-001 -1.0000000e+000
  2.1958905e-001 -9.2012389e-001 -1.0000000e+000
  3.4579133e-001 -9.7951319e-001 -1.0000000e+000
  2.9703248e-001 -7.9915207e-001 -1.0000000e+000
 -3.3660062e-001  1.4626669e-002 -1.0000000e+000
 -3.7354696e-001 -4.8735762e-001 -1.0000000e+000
 -1.7856156e-001 -1.6441786e-001  1.0000000e+000
  3.1837254e-001 -1.0820434e-001 -1.0000000e+000
 -4.6816095e-001  2.3052948e-002 -1.0000000e+000
  7.6361601e-001 -3.7825414e-001 -1.0000000e+000
  7.6354557e-001 -8.8846800e-001 -1.0000000e+000
  5.3586351e-001 -7.2971304e-001 -1.0000000e+000
  2.8235012e-002  4.7861685e-001 -1.0000000e+000
  5.4829557e-002  1.2426987e-001  1.0000000e+000
  6.0258604e-001 -6.3029306e-001 -1.0000000e+000
 -3.9759484e-001  9.0144528e-002 -1.0000000e+000
  5.9607995e-002 -9.1773326e-001 -1.0000000e+000
 -1.1766953e-001  2.2003152e-001  1.0000000e+000
 -1.0873100e-001  3.6403945e-001 -1.0000000e+000
 -2.1393632e-001  1.7578634e-002  1.0000000e+000
  7.3473146e-001 -1.7513941e-003 -1.0000000e+000
 -2.1786235e-001 -2.2710353e-001  1.0000000e+000
  1.2552460e-001 -8.8865669e-001 -1.0000000e+000
  5.7675015e-001 -7.1707666e-001 -1.0000000e+000
  6.9327037e-001 -1.4213267e-001 -1.0000000e+000
 -3.9914089e-002  2.2126912e-001  1.0000000e+000
  9.0196997e-001 -4.6543934e-001 -1.0000000e+000
  4.0796782e-001  2.7221941e-001 -1.0000000e+000
 -2.1351813e-002 -4.9257010e-001 -1.0000000e+000
 -7.6175165e-003  2.0139852e-001  1.0000000e+000
 -4.0451916e-001 -3.5186872e-001 -1.0000000e+000
  8.1172931e-001 -5.8298730e-001 -1.0000000e+000
  2.7492320e-001  1.6228153e-001 -1.0000000e+000
 -3.9879805e-001  9.9680410e-002 -1.0000000e+000
 -2.0857103e-001  2.6699385e-001 -1.0000000e+000
 -5.2518798e-002  2.3828959e-001  1.0000000e+000
 -1.3269159e-001  3.6413197e-001 -1.0000000e+000
 -1.8689369e-001 -2.0784501e-001  1.0000000e+000
 -3.4310512e-001 -7.3701481e-002 -1.0000000e+000
  9.4439500e-001 -6.5455467e-001 -1.0000000e+000
  3.0019558e-001  6.2877587e-002 -1.0000000e+000
  4.5852969e-001 -6.5297893e-001 -1.0000000e+000
  6.6914116e-001 -1.1027393e-001 -1.0000000e+000
 -4.5294411e-001  1.8102642e-001 -1.0000000e+000
 -1.4604493e-001  3.3569633e-001 -1.0000000e+000
  1.0981986e-001  4.7680417e-001 -1.0000000e+000
 -2.4541311e-001 -2.3929446e-001  1.0000000e+000
  7.8000681e-001 -2.3713905e-001 -1.0000000e+000
  3.0126191e-001 -8.7953626e-001 -1.0000000e+000
  8.0801580e-001  4.2879151e-002 -1.0000000e+000
  2.8432711e-001  1.9758300e-001 -1.0000000e+000
 -1.5941253e-001  8.9603860e-002  1.0000000e+000
 -1.6124094e-001 -2.9482204e-002  1.0000000e+000
  1.5395158e-001 -7.3936989e-002  1.0000000e+000
  5.4656647e-001 -4.8605798e-001 -1.0000000e+000
  3.6712920e-001  8.7742468e-002 -1.0000000e+000
 -3.4739112e-002  1.2575577e-001  1.0000000e+000
  1.1199732e-001 -9.7608113e-001 -1.0000000e+000
  9.1481269e-001 -9.5115707e-001 -1.0000000e+000
 -1.7747375e-001 -2.1383567e-001  1.0000000e+000
  5.3412954e-001 -7.7152972e-001 -1.0000000e+000
  1.7811577e-001  9.9047957e-002  1.0000000e+000
  4.7930930e-001  1.9768344e-001 -1.0000000e+000
  1.0971948e-002 -2.2879612e-002  1.0000000e+000
  1.1207264e-001 -9.6591874e-001 -1.0000000e+000
  9.1764352e-001 -4.8022099e-001 -1.0000000e+000
  3.5006853e-001 -4.9086751e-001 -1.0000000e+000
 -2.3668755e-002 -2.0732443e-001  1.0000000e+000
  4.0455254e-001 -4.3515281e-001 -1.0000000e+000
  1.8232490e-001 -9.1001415e-001 -1.0000000e+000
 -1.9297067e-001 -2.3481909e-001  1.0000000e+000
  9.0291526e-002  1.0695324e-001  1.0000000e+000
  1.3008742e-001  4.4070414e-001 -1.0000000e+000
  4.7403058e-001 -2.5873782e-001 -1.0000000e+000
 -1.6401145e-001 -1.4742183e-001  1.0000000e+000
  4.8736644e-001 -6.8341318e-001 -1.0000000e+000
 -2.0860310e-001  1.4800826e-001  1.0000000e+000
  1.9500625e-001 -9.2196702e-001 -1.0000000e+000
 -3.2038838e-001  1.0517227e-001 -1.0000000e+000
  2.7901894e-001 -9.6810356e-001 -1.0000000e+000
 -8.7950189e-002 -1.7484117e-001  1.0000000e+000
  6.3992801e-001 -8.9590041e-001 -1.0000000e+000
  3.2091820e-001  1.5259525e-001 -1.0000000e+000
  7.1926078e-002 -4.7247755e-002  1.0000000e+000
  5.9623464e-001 -3.9017562e-001 -1.0000000e+000
  6.3282545e-001 -6.0932480e-001 -1.0000000e+000
  2.7542731e-001  2.1351540e-001 -1.0000000e+000
  6.9999206e-001 -9.3722345e-001 -1.0000000e+000
 -1.3677644e-001  4.8328665e-002  1.0000000e+000
  4.1894533e-001 -7.7445894e-001 -1.0000000e+000
  5.8477137e-002  1.1462022e-001  1.0000000e+000
  2.4399782e-001 -2.5118556e-001 -1.0000000e+000
  4.2159907e-001 -3.0238206e-001 -1.0000000e+000
  9.3690416e-001 -6.2211207e-001 -1.0000000e+000
 -1.6787352e-001  6.9569791e-002  1.0000000e+000
 -4.4132784e-001 -3.0102101e-001 -1.0000000e+000
  3.6796148e-002 -8.2095422e-002  1.0000000e+000
  7.5873616e-001 -5.5754049e-001 -1.0000000e+000
 -4.3393399e-001  8.1682830e-002 -1.0000000e+000
  5.2992180e-001 -6.7267980e-001 -1.0000000e+000
  6.1241666e-001 -6.2870738e-001 -1.0000000e+000
  2.8972561e-001 -2.9676816e-001 -1.0000000e+000
  3.9250488e-001 -3.6493175e-001 -1.0000000e+000
  2.3443273e-001 -2.5493540e-001 -1.0000000e+000
 -2.0608878e-001 -3.2273048e-001 -1.0000000e+000
  1.6402837e-001 -8.2119563e-001 -1.0000000e+000
  3.3555319e-001 -6.0288811e-001 -1.0000000e+000
  3.1228093e-001  3.5030144e-001 -1.0000000e+000
  9.0421873e-001 -8.4156139e-003 -1.0000000e+000
  9.9381400e-001 -9.0944176e-001 -1.0000000e+000
 -2.4098567e-001 -1.0024839e-001  1.0000000e+000
 -3.1707269e-001  2.2017995e-001 -1.0000000e+000
  3.0793592e-001  8.7746092e-004 -1.0000000e+000
  6.8659405e-001 -5.7755881e-001 -1.0000000e+000
 -9.3579779e-002 -3.7144967e-001 -1.0000000e+000
  9.5086646e-001  1.6521539e-002 -1.0000000e+000
  1.6793147e-001 -1.7432956e-001  1.0000000e+000
 -2.0922634e-001  2.5431731e-001 -1.0000000e+000
  3.6907782e-001 -3.9281465e-002 -1.0000000e+000
 -2.3979862e-001 -4.7156746e-001 -1.0000000e+000
  7.2683296e-001 -9.9107296e-001 -1.0000000e+000
 -5.1301071e-002  2.8054303e-002  1.0000000e+000
 -2.3800002e-001 -2.2788413e-001  1.0000000e+000
  4.4724826e-001 -6.9712632e-001 -1.0000000e+000
 -2.9726558e-001  1.3249014e-001 -1.0000000e+000
  2.1707929e-001 -2.5945331e-001 -1.0000000e+000
 -1.7945170e-001 -1.4974553e-001  1.0000000e+000
 -4.9790418e-001  1.0364281e-003 -1.0000000e+000
 -1.9063295e-001 -1.9087522e-001  1.0000000e+000
  9.7201685e-001  2.5666809e-001 -1.0000000e+000
  3.7711903e-002  4.5407101e-001 -1.0000000e+000
  3.1858476e-001 -9.5163834e-001 -1.0000000e+000
 -1.3768025e-001 -7.7853694e-002  1.0000000e+000
  1.6189781e-001 -3.2882524e-001 -1.0000000e+000
 -3.0699718e-002 -2.0033349e-001  1.0000000e+000
  2.4180897e-002 -9.8237912e-001 -1.0000000e+000
  1.4939573e-001  1.9057127e-001  1.0000000e+000
 -1.9844009e-001 -2.2569145e-001  1.0000000e+000
  9.1792252e-001 -5.6126995e-001 -1.0000000e+000
  7.9441184e-001 -8.5041682e-001 -1.0000000e+000
  4.8715735e-001 -4.3790941e-001 -1.0000000e+000
  1.7968839e-002 -9.8375862e-001 -1.0000000e+000
  7.9575520e-002  4.4676215e-001 -1.0000000e+000
 -8.3046237e-002  3.9322464e-001 -1.0000000e+000
  5.4684157e-001 -3.6436010e-001 -1.0000000e+000
  5.3873888e-002 -9.2724379e-001 -1.0000000e+000
  1.9870015e-002  3.9462305e-001 -1.0000000e+000
  4.1988037e-001 -5.3906094e-001 -1.0000000e+000
  9.3777998e-003 -9.9915778e-001 -1.0000000e+000
  5.6343045e-001 -2.4719845e-001 -1.0000000e+000
  3.9609528e-002  1.7458421e-001  1.0000000e+000
 -9.5185616e-003  1.4258727e-001  1.0000000e+000
  6.2700035e-002 -9.8498822e-001 -1.0000000e+000
  6.6729193e-001 -6.8599081e-001 -1.0000000e+000
 -1.0908126e-002  4.3329982e-001 -1.0000000e+000
 -4.9917231e-001  6.4961107e-002 -1.0000000e+000
  7.1917923e-001 -1.4123437e-002 -1.0000000e+000
  6.1240005e-001 -1.6354393e-001 -1.0000000e+000
  2.5810806e-001 -8.7067281e-001 -1.0000000e+000
 -4.2537706e-001 -2.2564510e-002 -1.0000000e+000
 -4.4195247e-001  2.0674312e-002 -1.0000000e+000
  9.6184028e-004 -2.4811161e-001  1.0000000e+000
  2.2621028e-001  3.9511525e-001 -1.0000000e+000
  3.7983254e-001  1.0477536e-001 -1.0000000e+000
 -1.5979041e-001 -1.0925904e-002  1.0000000e+000
 -5.7139111e-002 -1.1298192e-001  1.0000000e+000
  1.8088068e-001  5.9889682e-002  1.0000000e+000
 -3.8483725e-001 -3.5346513e-001 -1.0000000e+000
 -9.4166513e-002 -1.8286907e-001  1.0000000e+000
  1.9900316e-001 -2.7249040e-001 -1.0000000e+000
  4.1619080e-001  4.2974052e-001 -1.0000000e+000
 -1.1706200e-001  3.0090660e-001 -1.0000000e+000
  3.4748390e-002 -4.5001093e-001 -1.0000000e+000
 -2.8327095e-001  4.0296380e-001 -1.0000000e+000
 -3.7684975e-001 -2.3573094e-001 -1.0000000e+000
  7.8250265e-001 -3.3741518e-001 -1.0000000e+000
 -1.2896087e-002  2.9495396e-001 -1.0000000e+000
  4.5187304e-001 -9.7707860e-001 -1.0000000e+000
  4.4575593e-001 -1.9494940e-001 -1.0000000e+000
  1.8676636e-001  1.2109875e-001  1.0000000e+000
  2.2210325e-001 -2.1991167e-001  1.0000000e+000
 -1.7962210e-001 -6.6064181e-002  1.0000000e+000
  2.5110771e-001 -2.0846044e-001 -1.0000000e+000
  4.7731762e-001 -4.8521615e-001 -1.0000000e+000
 -4.5489094e-001  2.3294011e-001 -1.0000000e+000
 -4.9839721e-001  3.5872274e-002 -1.0000000e+000
 -3.8755702e-002 -3.4043690e-001 -1.0000000e+000
  2.8215904e-001 -6.9029302e-001 -1.0000000e+000
 -2.7187497e-001 -3.9138636e-001 -1.0000000e+000
 -3.9355892e-001  3.7253482e-001 -1.0000000e+000
  2.1461352e-001  1.1451724e-001  1.0000000e+000
  4.2576083e-001 -2.8366355e-001 -1.0000000e+000
  9.2550307e-002 -2.4467405e-001  1.0000000e+000
 -2.4279479e-001 -2.4604431e-001  1.0000000e+000
  3.2435146e-001  3.2634675e-002 -1.0000000e+000
 -5.9812294e-002 -4.6185920e-003  1.0000000e+000
  4.9431938e-001 -1.6886445e-002 -1.0000000e+000
 -1.0232000e-001  3.0547379e-001 -1.0000000e+000
 -1.1867342e-001  1.9353038e-002  1.0000000e+000
 -1.1692598e-001 -3.5463034e-001 -1.0000000e+000
 -1.7776824e-001 -2.0128101e-001  1.0000000e+000
 -3.1249371e-001  2.5543625e-001 -1.0000000e+000
  2.7732418e-001 -9.7645367e-002 -1.0000000e+000
  3.2364701e-001 -2.8819596e-001 -1.0000000e+000
  4.0309328e-001 -4.4091132e-001 -1.0000000e+000
  9.1638385e-002 -9.3642764e-001 -1.0000000e+000
 -1.6022866e-001 -2.1478071e-001  1.0000000e+000
  3.3730149e-001 -6.4488229e-001 -1.0000000e+000
  1.1915391e-001 -2.3022038e-001  1.0000000e+000
  6.2876957e-001 -4.6550653e-001 -1.0000000e+000
  8.8381726e-002 -9.7270170e-001 -1.0000000e+000
  4.9117272e-001 -5.1083106e-001 -1.0000000e+000
  8.5777153e-002 -2.9052036e-001 -1.0000000e+000
 -2.3085090e-001 -2.4722136e-001  1.0000000e+000
 -1.8494252e-002 -4.4037251e-001 -1.0000000e+000
  9.8365609e-001 -3.5415736e-001 -1.0000000e+000
 -1.6126436e-001  4.5400868e-001 -1.0000000e+000
 -4.9392542e-002  1.0714208e-002  1.0000000e+000
 -4.5075270e-001 -2.2882977e-002 -1.0000000e+000
  4.1701739e-001 -1.7318877e-001 -1.0000000e+000
  7.3958834e-002 -1.9056101e-001  1.0000000e+000
  1.6381653e-001 -2.7220169e-001 -1.0000000e+000
 -9.8672411e-002 -1.9176981e-001  1.0000000e+000
  4.3521557e-001 -4.7255554e-001 -1.0000000e+000
  1.6418844e-001 -1.6519447e-001  1.0000000e+000
  8.4165251e-002 -9.5802214e-001 -1.0000000e+000
  4.8241446e-002 -1.6409043e-001  1.0000000e+000
  9.0294355e-001  8.4209429e-002 -1.0000000e+000
  6.2295789e-001 -4.4754522e-001 -1.0000000e+000
  2.6426270e-001  1.9123887e-001 -1.0000000e+000
 -4.4522062e-001  4.5797811e-001 -1.0000000e+000
  1.9890739e-001 -9.7013909e-001 -1.0000000e+000
 -3.7654592e-001 -2.0710835e-001 -1.0000000e+000
  2.4140419e-002 -1.2500643e-001  1.0000000e+000
 -1.0084982e-001 -1.1434400e-001  1.0000000e+000
  9.1287138e-002 -9.5866569e-001 -1.0000000e+000
  3.1978011e-001 -7.9140942e-001 -1.0000000e+000
  5.0385309e-001 -9.4820633e-001 -1.0000000e+000
  2.1383285e-003  4.9961191e-001 -1.0000000e+000
 -4.9742182e-001 -4.1456850e-001 -1.0000000e+000
  4.1116162e-001  5.6274959e-003 -1.0000000e+000
 -3.8045922e-002 -1.3566247e-001  1.0000000e+000
 -1.0329784e-001  2.5140327e-001 -1.0000000e+000
  9.5823533e-002 -3.1510434e-001 -1.0000000e+000
  2.5270842e-001  2.4262538e-001 -1.0000000e+000
 -9.5127517e-002 -4.6038433e-001 -1.0000000e+000
  4.8701297e-001  3.2343985e-001 -1.0000000e+000
  1.5022231e-001  2.8596816e-001 -1.0000000e+000
 -1.8176212e-001 -5.6156916e-003  1.0000000e+000
 -2.4871361e-001 -2.3317044e-001  1.0000000e+000
  1.9678843e-001  9.3056665e-002  1.0000000e+000
  1.9173622e-001 -2.5383537e-001 -1.0000000e+000
  9.1969726e-002 -8.7213084e-001 -1.0000000e+000
  2.4846974e-001 -7.5153330e-001 -1.0000000e+000
 -2.8386633e-002  2.0204391e-001  1.0000000e+000
  5.8071399e-001 -3.9854110e-001 -1.0000000e+000
  1.6635855e-002 -1.8517725e-001  1.0000000e+000
  1.4031124e-001 -2.2399442e-001  1.0000000e+000
  9.0961622e-001 -7.7884459e-001 -1.0000000e+000
 -4.3636111e-002 -3.4640361e-001 -1.0000000e+000
 -2.0527487e-001 -2.2944328e-001  1.0000000e+000
 -2.7971728e-001 -2.4874298e-001 -1.0000000e+000
  1.9534298e-001 -2.8701701e-001 -1.0000000e+000
  4.4764377e-001 -9.5215812e-001 -1.0000000e+000
 -3.9310530e-001  1.4617143e-001 -1.0000000e+000
  9.5886267e-002  7.0544706e-003  1.0000000e+000
  4.6308407e-002 -9.7177178e-001 -1.0000000e+000
  1.0873720e-001  2.5388802e-001 -1.0000000e+000
  2.3040328e-001 -7.3924011e-001 -1.0000000e+000
 -1.6445257e-002  1.2930269e-001  1.0000000e+000
