545.206685 200.183980 -0.161845 0.082690 
-51.020091 33.415586 0.323086 -0.170007 
51.020089 -33.415585 -0.323086 -0.170007 
-51.020111 33.415599 0.323086 -0.170007 
51.020108 -33.415597 -0.323086 -0.170007 
51.020088 -33.415584 -0.323086 -0.170007 
-51.020107 33.415597 0.323086 -0.170007 
-51.020085 33.415582 0.323086 -0.170007 
-51.020101 33.415592 0.323086 -0.170007 
-51.020089 33.415585 0.323086 -0.170007 
51.020096 -33.415589 -0.323086 -0.170007 
51.020101 -33.415592 -0.323086 -0.170007 
51.020075 -33.415576 -0.323086 -0.170007 
-51.020102 33.415593 0.323086 -0.170007 
-51.020087 33.415583 0.323086 -0.170007 
-51.020106 33.415596 0.323086 -0.170007 
-51.020097 33.415590 0.323086 -0.170007 
-51.020080 33.415579 0.323086 -0.170007 
51.020079 -33.415578 -0.323086 -0.170007 
51.020097 -33.415590 -0.323086 -0.170007 
51.020103 -33.415594 -0.323086 -0.170007 
-51.020069 33.415572 0.323086 -0.170007 
-51.020076 33.415576 0.323086 -0.170007 
51.020089 -33.415584 -0.323086 -0.170007 
-51.020097 33.415590 0.323086 -0.170007 
-51.020082 33.415580 0.323086 -0.170007 
51.020078 -33.415577 -0.323086 -0.170007 
51.020088 -33.415584 -0.323086 -0.170007 
-51.020087 33.415583 0.323086 -0.170007 
51.020095 -33.415589 -0.323086 -0.170007 
-51.020111 33.415599 0.323086 -0.170007 
-51.020094 33.415588 0.323086 -0.170007 
51.020085 -33.415582 -0.323086 -0.170007 
-51.020114 33.415601 0.323086 -0.170007 
51.020089 -33.415585 -0.323086 -0.170007 
51.020084 -33.415581 -0.323086 -0.170007 
51.020086 -33.415583 -0.323086 -0.170007 
-51.020110 33.415599 0.323086 -0.170007 
51.020095 -33.415588 -0.323086 -0.170007 
51.020085 -33.415582 -0.323086 -0.170007 
-51.020111 33.415599 0.323086 -0.170007 
51.020087 -33.415584 -0.323086 -0.170007 
51.020095 -33.415589 -0.323086 -0.170007 
51.020102 -33.415593 -0.323086 -0.170007 
51.020090 -33.415585 -0.323086 -0.170007 
-51.020088 33.415584 0.323086 -0.170007 
51.020086 -33.415582 -0.323086 -0.170007 
-51.020088 33.415584 0.323086 -0.170007 
51.020111 -33.415599 -0.323086 -0.170007 
-51.020090 33.415585 0.323086 -0.170007 
