  4.0000000e+000  2.5405248e+000
  3.9798995e+000  1.7899950e+000
  3.9597990e+000  1.3049599e+000
  3.9396985e+000  1.3705603e+000
  3.9195980e+000  6.5478770e-001
  3.8994975e+000  5.8099415e-001
  3.8793970e+000 -3.4160150e-001
  3.8592965e+000 -7.9330088e-001
  3.8391960e+000 -1.2579383e+000
  3.8190955e+000 -1.6801516e+000
  3.7989950e+000 -2.2216949e+000
  3.7788945e+000 -3.0668969e+000
  3.7587940e+000 -3.7581194e+000
  3.7386935e+000 -4.5105585e+000
  3.7185930e+000 -4.6207873e+000
  3.6984925e+000 -5.2773800e+000
  3.6783920e+000 -5.9553830e+000
  3.6582915e+000 -6.1251034e+000
  3.6381910e+000 -6.1422780e+000
  3.6180905e+000 -6.6499333e+000
  3.5979899e+000 -6.5983952e+000
  3.5778894e+000 -7.0000000e+000
  3.5577889e+000 -6.3736261e+000
  3.5376884e+000 -6.2719054e+000
  3.5175879e+000 -6.7123985e+000
  3.4974874e+000 -6.5277740e+000
  3.4773869e+000 -6.3212551e+000
  3.4572864e+000 -5.8959544e+000
  3.4371859e+000 -5.3903524e+000
  3.4170854e+000 -4.4325611e+000
  3.3969849e+000 -3.7341178e+000
  3.3768844e+000 -3.4670377e+000
  3.3567839e+000 -2.5440226e+000
  3.3366834e+000 -2.3299537e+000
  3.3165829e+000 -1.3765992e+000
  3.2964824e+000 -8.1874149e-001
  3.2763819e+000 -1.3865238e-001
  3.2562814e+000  9.5171642e-001
  3.2361809e+000  1.5171074e+000
  3.2160804e+000  2.1324715e+000
  3.1959799e+000  2.8255184e+000
  3.1758794e+000  3.5386428e+000
  3.1557789e+000  4.7500953e+000
  3.1356784e+000  4.3762493e+000
  3.1155779e+000  5.7739201e+000
  3.0954774e+000  6.3153315e+000
  3.0753769e+000  5.8593075e+000
  3.0552764e+000  6.7403272e+000
  3.0351759e+000  6.2326271e+000
  3.0150754e+000  7.0000000e+000
  2.9949749e+000  6.3766505e+000
  2.9748744e+000  6.5425219e+000
  2.9547739e+000  6.3641479e+000
  2.9346734e+000  6.1176816e+000
  2.9145729e+000  6.9616821e+000
  2.8944724e+000  5.8967228e+000
  2.8743719e+000  5.5918019e+000
  2.8542714e+000  4.8918096e+000
  2.8341709e+000  4.3609681e+000
  2.8140704e+000  4.0541933e+000
  2.7939698e+000  3.6882120e+000
  2.7738693e+000  3.1004253e+000
  2.7537688e+000  2.3829460e+000
  2.7336683e+000  2.2503041e+000
  2.7135678e+000  1.4797187e+000
  2.6934673e+000  5.9185978e-001
  2.6733668e+000 -1.7257976e-001
  2.6532663e+000 -8.8648930e-001
  2.6331658e+000 -1.1002654e+000
  2.6130653e+000 -1.6075475e+000
  2.5929648e+000 -1.8383404e+000
  2.5728643e+000 -2.0604090e+000
  2.5527638e+000 -2.2072019e+000
  2.5326633e+000 -2.4646050e+000
  2.5125628e+000 -2.6691828e+000
  2.4924623e+000 -2.6407398e+000
  2.4723618e+000 -2.7525911e+000
  2.4522613e+000 -2.9011605e+000
  2.4321608e+000 -2.4628657e+000
  2.4120603e+000 -2.0262343e+000
  2.3919598e+000 -1.8123741e+000
  2.3718593e+000 -1.7193123e+000
  2.3517588e+000 -1.0218575e+000
  2.3316583e+000 -6.3073525e-001
  2.3115578e+000 -9.3666961e-001
  2.2914573e+000 -2.5569754e-001
  2.2713568e+000  5.8529292e-001
  2.2512562e+000  7.0766241e-001
  2.2311558e+000  1.2392117e+000
  2.2110552e+000  8.7706115e-001
  2.1909548e+000  1.9966406e+000
  2.1708542e+000  1.8006793e+000
  2.1507538e+000  1.9719411e+000
  2.1306532e+000  1.9226112e+000
  2.1105528e+000  2.5501009e+000
  2.0904522e+000  2.2424052e+000
  2.0703518e+000  1.9845416e+000
  2.0502512e+000  2.2166126e+000
  2.0301508e+000  2.4881417e+000
  2.0100502e+000  1.9427911e+000
  1.9899498e+000  2.4350978e+000
  1.9698492e+000  1.6527319e+000
  1.9497488e+000  1.2254279e+000
  1.9296482e+000  1.1879626e+000
  1.9095478e+000  4.8946698e-001
  1.8894472e+000  7.6809201e-002
  1.8693468e+000 -6.9105221e-001
  1.8492462e+000 -1.4660297e+000
  1.8291458e+000 -1.7279410e+000
  1.8090452e+000 -2.1337474e+000
  1.7889448e+000 -2.8226191e+000
  1.7688442e+000 -3.2386555e+000
  1.7487438e+000 -3.4923873e+000
  1.7286432e+000 -4.0256327e+000
  1.7085428e+000 -4.8643429e+000
  1.6884422e+000 -5.5458922e+000
  1.6683418e+000 -5.3435530e+000
  1.6482412e+000 -6.4133390e+000
  1.6281408e+000 -6.3461836e+000
  1.6080402e+000 -6.5001366e+000
  1.5879396e+000 -6.9839686e+000
  1.5678392e+000 -6.8970481e+000
  1.5477386e+000 -6.7350067e+000
  1.5276382e+000 -6.8566662e+000
  1.5075376e+000 -6.5353125e+000
  1.4874372e+000 -6.4325329e+000
  1.4673366e+000 -6.0375647e+000
  1.4472362e+000 -5.4491136e+000
  1.4271356e+000 -4.8381999e+000
  1.4070352e+000 -4.7649320e+000
  1.3869346e+000 -4.0149157e+000
  1.3668342e+000 -2.9494179e+000
  1.3467336e+000 -2.2403646e+000
  1.3266332e+000 -1.6592874e+000
  1.3065326e+000 -7.2058904e-001
  1.2864322e+000  2.4239390e-001
  1.2663316e+000  3.6590199e-001
  1.2462312e+000  1.1735332e+000
  1.2261306e+000  2.5118520e+000
  1.2060302e+000  3.1106962e+000
  1.1859296e+000  3.9198506e+000
  1.1658292e+000  4.0952959e+000
  1.1457286e+000  4.8799639e+000
  1.1256282e+000  4.4562130e+000
  1.1055276e+000  5.3557218e+000
  1.0854272e+000  6.1941984e+000
  1.0653266e+000  6.6682655e+000
  1.0452262e+000  6.6562772e+000
  1.0251256e+000  6.5179225e+000
  1.0050252e+000  6.3641274e+000
  9.8492460e-001  6.3915190e+000
  9.6482420e-001  6.4677673e+000
  9.4472360e-001  6.4445394e+000
  9.2462320e-001  5.9231131e+000
  9.0452260e-001  6.0794236e+000
  8.8442220e-001  5.7706401e+000
  8.6432160e-001  5.1166440e+000
  8.4422120e-001  4.9344400e+000
  8.2412060e-001  3.7616020e+000
  8.0402020e-001  3.4355233e+000
  7.8391960e-001  3.1042689e+000
  7.6381900e-001  2.4275827e+000
  7.4371860e-001  2.1389034e+000
  7.2361800e-001  1.7779703e+000
  7.0351760e-001  6.4642760e-001
  6.8341700e-001 -1.0176357e-001
  6.6331660e-001 -3.6104076e-002
  6.4321600e-001 -6.3111378e-001
  6.2311560e-001 -9.7963600e-001
  6.0301500e-001 -1.2004333e+000
  5.8291460e-001 -2.2344433e+000
  5.6281400e-001 -1.7781084e+000
  5.4271360e-001 -2.2563900e+000
  5.2261300e-001 -2.5048042e+000
  5.0251260e-001 -2.5993163e+000
  4.8241200e-001 -2.6594967e+000
  4.6231160e-001 -2.2930914e+000
  4.4221100e-001 -2.6522646e+000
  4.2211060e-001 -2.2629697e+000
  4.0201000e-001 -1.6911432e+000
  3.8190960e-001 -2.0800095e+000
  3.6180900e-001 -1.3616965e+000
  3.4170860e-001 -1.3418214e+000
  3.2160800e-001 -7.3994903e-001
  3.0150760e-001 -1.3697672e-001
  2.8140700e-001 -1.2618847e-001
  2.6130660e-001  2.4574219e-001
  2.4120600e-001  5.4177126e-001
  2.2110560e-001  1.3702515e+000
  2.0100500e-001  1.1828961e+000
  1.8090460e-001  1.4829388e+000
  1.6080400e-001  1.9409000e+000
  1.4070360e-001  2.2546620e+000
  1.2060300e-001  2.3717997e+000
  1.0050260e-001  1.7169297e+000
  8.0402000e-002  2.3236652e+000
  6.0301600e-002  2.3476782e+000
  4.0201000e-002  2.7619138e+000
  2.0100600e-002  2.4444592e+000
  0.0000000e+000  1.9317382e+000
